# mcnemar_results.json

{
  "split": "test",
  "pairs": [
    {
      "model_a": "svm",
      "model_b": "scaledcnn_k64",
      "n01": 2971,
      "n10": 680,
      "n11": 4684,
      "n00": 1665,
      "discordant": 3651,
      "chi_square": 1436.346206518762,
      "p_value": 2.6570080037e-314
    },
    {
      "model_a": "svm",
      "model_b": "scaledcnn_k1",
      "n01": 2393,
      "n10": 829,
      "n11": 4535,
      "n00": 2243,
      "discordant": 3222,
      "chi_square": 758.2150837988827,
      "p_value": 6.563862090415833e-167
    },
    {
      "model_a": "svm",
      "model_b": "scaledcnn_k4",
      "n01": 2269,
      "n10": 849,
      "n11": 4515,
      "n00": 2367,
      "discordant": 3118,
      "chi_square": 645.7860808210391,
      "p_value": 1.8431475562977973e-142
    },
    {
      "model_a": "scaledcnn_k1",
      "model_b": "scaledcnn_k2",
      "n01": 1092,
      "n10": 1233,
      "n11": 5695,
      "n00": 1980,
      "discordant": 2325,
      "chi_square": 8.43010752688172,
      "p_value": 0.0036905851986807204
    },
    {
      "model_a": "scaledcnn_k1",
      "model_b": "scaledcnn_k64",
      "n01": 1573,
      "n10": 846,
      "n11": 6082,
      "n00": 1499,
      "discordant": 2419,
      "chi_square": 217.8900372054568,
      "p_value": 2.609937759919218e-49
    },
    {
      "model_a": "scaledcnn_k1",
      "model_b": "scaledcnn_k2",
      "n01": 1092,
      "n10": 1233,
      "n11": 5695,
      "n00": 1980,
      "discordant": 2325,
      "chi_square": 8.43010752688172,
      "p_value": 0.0036905851986807204
    },
    {
      "model_a": "scaledcnn_k2",
      "model_b": "scaledcnn_k4",
      "n01": 1149,
      "n10": 1152,
      "n11": 5635,
      "n00": 2064,
      "discordant": 2301,
      "chi_square": 0.001738374619730552,
      "p_value": 0.9667427806663149
    },
    {
      "model_a": "scaledcnn_k4",
      "model_b": "scaledcnn_k8",
      "n01": 1082,
      "n10": 1023,
      "n11": 5761,
      "n00": 2134,
      "discordant": 2105,
      "chi_square": 1.5980997624703088,
      "p_value": 0.20617271009153998
    },
    {
      "model_a": "scaledcnn_k8",
      "model_b": "scaledcnn_k16",
      "n01": 1320,
      "n10": 1061,
      "n11": 5782,
      "n00": 1837,
      "discordant": 2381,
      "chi_square": 27.956320873582527,
      "p_value": 1.240849635739199e-07
    },
    {
      "model_a": "scaledcnn_k16",
      "model_b": "scaledcnn_k32",
      "n01": 1244,
      "n10": 917,
      "n11": 6185,
      "n00": 1654,
      "discordant": 2161,
      "chi_square": 49.17908375751966,
      "p_value": 2.3362861927808702e-12
    },
    {
      "model_a": "scaledcnn_k32",
      "model_b": "scaledcnn_k64",
      "n01": 783,
      "n10": 557,
      "n11": 6872,
      "n00": 1788,
      "discordant": 1340,
      "chi_square": 37.77985074626866,
      "p_value": 7.919554951643065e-10
    }
  ]
}

# scaledcnn_k16_test_confusion_matrix.json

{
  "model": "scaledcnn_k16",
  "split": "test",
  "class_names": [
    "airplane",
    "automobile",
    "bird",
    "cat",
    "deer",
    "dog",
    "frog",
    "horse",
    "ship",
    "truck"
  ],
  "matrix": [
    [
      611,
      46,
      93,
      46,
      24,
      5,
      78,
      13,
      55,
      29
    ],
    [
      10,
      884,
      5,
      14,
      1,
      0,
      30,
      2,
      10,
      44
    ],
    [
      35,
      4,
      557,
      56,
      77,
      42,
      199,
      20,
      2,
      8
    ],
    [
      4,
      7,
      36,
      593,
      28,
      123,
      183,
      11,
      4,
      11
    ],
    [
      4,
      4,
      35,
      59,
      670,
      39,
      166,
      19,
      3,
      1
    ],
    [
      8,
      3,
      33,
      209,
      26,
      608,
      87,
      21,
      0,
      5
    ],
    [
      1,
      2,
      12,
      33,
      8,
      12,
      927,
      2,
      1,
      2
    ],
    [
      16,
      7,
      44,
      87,
      57,
      67,
      61,
      645,
      5,
      11
    ],
    [
      28,
      38,
      18,
      25,
      14,
      1,
      56,
      4,
      794,
      22
    ],
    [
      14,
      65,
      12,
      31,
      5,
      6,
      33,
      2,
      19,
      813
    ]
  ],
  "normalized_matrix": [
    [
      0.611,
      0.046,
      0.093,
      0.046,
      0.024,
      0.005,
      0.078,
      0.013,
      0.055,
      0.029
    ],
    [
      0.01,
      0.884,
      0.005,
      0.014,
      0.001,
      0.0,
      0.03,
      0.002,
      0.01,
      0.044
    ],
    [
      0.035,
      0.004,
      0.557,
      0.056,
      0.077,
      0.042,
      0.199,
      0.02,
      0.002,
      0.008
    ],
    [
      0.004,
      0.007,
      0.036,
      0.593,
      0.028,
      0.123,
      0.183,
      0.011,
      0.004,
      0.011
    ],
    [
      0.004,
      0.004,
      0.035,
      0.059,
      0.67,
      0.039,
      0.166,
      0.019,
      0.003,
      0.001
    ],
    [
      0.008,
      0.003,
      0.033,
      0.209,
      0.026,
      0.608,
      0.087,
      0.021,
      0.0,
      0.005
    ],
    [
      0.001,
      0.002,
      0.012,
      0.033,
      0.008,
      0.012,
      0.927,
      0.002,
      0.001,
      0.002
    ],
    [
      0.016,
      0.007,
      0.044,
      0.087,
      0.057,
      0.067,
      0.061,
      0.645,
      0.005,
      0.011
    ],
    [
      0.028,
      0.038,
      0.018,
      0.025,
      0.014,
      0.001,
      0.056,
      0.004,
      0.794,
      0.022
    ],
    [
      0.014,
      0.065,
      0.012,
      0.031,
      0.005,
      0.006,
      0.033,
      0.002,
      0.019,
      0.813
    ]
  ]
}

# scaledcnn_k16_test_training_report.json

{
  "model_path": ".cache/models/scaledcnn_k16.pth",
  "logdir": "/home/fer/Documents/CSI5155/project/.cache/tensorboard/training/scaledcnn_k16/run_20251116_085102",
  "split": "test",
  "config": {
    "k": 16,
    "num_classes": 10
  },
  "training_error": {
    "train": {
      "final_error": 0.0,
      "min_error": 0.0,
      "max_error": 0.6096000075340271,
      "best_step": 147
    },
    "validation": {
      "final_error": 0.29030001163482666,
      "min_error": 0.28759998083114624,
      "max_error": 0.8711000084877014,
      "best_step": 23
    }
  },
  "classification_report": {
    "airplane": {
      "precision": 0.8358413132694938,
      "recall": 0.611,
      "f1-score": 0.7059503177354131,
      "support": 1000.0
    },
    "automobile": {
      "precision": 0.8339622641509434,
      "recall": 0.884,
      "f1-score": 0.858252427184466,
      "support": 1000.0
    },
    "bird": {
      "precision": 0.659171597633136,
      "recall": 0.557,
      "f1-score": 0.6037940379403794,
      "support": 1000.0
    },
    "cat": {
      "precision": 0.5143104943625325,
      "recall": 0.593,
      "f1-score": 0.5508592661402694,
      "support": 1000.0
    },
    "deer": {
      "precision": 0.7362637362637363,
      "recall": 0.67,
      "f1-score": 0.7015706806282722,
      "support": 1000.0
    },
    "dog": {
      "precision": 0.6733111849390919,
      "recall": 0.608,
      "f1-score": 0.6389910667367315,
      "support": 1000.0
    },
    "frog": {
      "precision": 0.5093406593406593,
      "recall": 0.927,
      "f1-score": 0.6574468085106383,
      "support": 1000.0
    },
    "horse": {
      "precision": 0.8728010825439784,
      "recall": 0.645,
      "f1-score": 0.7418056354226567,
      "support": 1000.0
    },
    "ship": {
      "precision": 0.8891377379619261,
      "recall": 0.794,
      "f1-score": 0.8388800845219229,
      "support": 1000.0
    },
    "truck": {
      "precision": 0.8594080338266384,
      "recall": 0.813,
      "f1-score": 0.8355601233299075,
      "support": 1000.0
    },
    "accuracy": 0.7102,
    "macro avg": {
      "precision": 0.7383548104292136,
      "recall": 0.7101999999999999,
      "f1-score": 0.7133110448150657,
      "support": 10000.0
    },
    "weighted avg": {
      "precision": 0.7383548104292136,
      "recall": 0.7102,
      "f1-score": 0.7133110448150657,
      "support": 10000.0
    }
  },
  "figure": "/home/fer/Documents/CSI5155/project/.cache/figures/scaledcnn_k16_error_curve.pdf"
}

# scaledcnn_k1_test_confusion_matrix.json

{
  "model": "scaledcnn_k1",
  "split": "test",
  "class_names": [
    "airplane",
    "automobile",
    "bird",
    "cat",
    "deer",
    "dog",
    "frog",
    "horse",
    "ship",
    "truck"
  ],
  "matrix": [
    [
      749,
      45,
      38,
      6,
      17,
      8,
      11,
      12,
      54,
      60
    ],
    [
      25,
      831,
      5,
      7,
      4,
      7,
      7,
      8,
      15,
      91
    ],
    [
      90,
      13,
      550,
      39,
      100,
      58,
      81,
      44,
      9,
      16
    ],
    [
      31,
      31,
      65,
      413,
      62,
      190,
      118,
      44,
      15,
      31
    ],
    [
      23,
      12,
      62,
      38,
      664,
      36,
      75,
      77,
      8,
      5
    ],
    [
      17,
      14,
      44,
      135,
      60,
      610,
      32,
      68,
      5,
      15
    ],
    [
      15,
      9,
      42,
      38,
      51,
      21,
      799,
      17,
      3,
      5
    ],
    [
      28,
      14,
      29,
      25,
      71,
      60,
      18,
      731,
      5,
      19
    ],
    [
      86,
      52,
      20,
      7,
      8,
      10,
      6,
      9,
      766,
      36
    ],
    [
      25,
      82,
      10,
      4,
      10,
      5,
      14,
      12,
      23,
      815
    ]
  ],
  "normalized_matrix": [
    [
      0.749,
      0.045,
      0.038,
      0.006,
      0.017,
      0.008,
      0.011,
      0.012,
      0.054,
      0.06
    ],
    [
      0.025,
      0.831,
      0.005,
      0.007,
      0.004,
      0.007,
      0.007,
      0.008,
      0.015,
      0.091
    ],
    [
      0.09,
      0.013,
      0.55,
      0.039,
      0.1,
      0.058,
      0.081,
      0.044,
      0.009,
      0.016
    ],
    [
      0.031,
      0.031,
      0.065,
      0.413,
      0.062,
      0.19,
      0.118,
      0.044,
      0.015,
      0.031
    ],
    [
      0.023,
      0.012,
      0.062,
      0.038,
      0.664,
      0.036,
      0.075,
      0.077,
      0.008,
      0.005
    ],
    [
      0.017,
      0.014,
      0.044,
      0.135,
      0.06,
      0.61,
      0.032,
      0.068,
      0.005,
      0.015
    ],
    [
      0.015,
      0.009,
      0.042,
      0.038,
      0.051,
      0.021,
      0.799,
      0.017,
      0.003,
      0.005
    ],
    [
      0.028,
      0.014,
      0.029,
      0.025,
      0.071,
      0.06,
      0.018,
      0.731,
      0.005,
      0.019
    ],
    [
      0.086,
      0.052,
      0.02,
      0.007,
      0.008,
      0.01,
      0.006,
      0.009,
      0.766,
      0.036
    ],
    [
      0.025,
      0.082,
      0.01,
      0.004,
      0.01,
      0.005,
      0.014,
      0.012,
      0.023,
      0.815
    ]
  ]
}

# scaledcnn_k1_test_training_report.json

{
  "model_path": ".cache/models/scaledcnn_k1.pth",
  "logdir": "/home/fer/Documents/CSI5155/project/.cache/tensorboard/training/scaledcnn_k1/run_20251116_073706",
  "split": "test",
  "config": {
    "k": 1,
    "num_classes": 10
  },
  "training_error": {
    "train": {
      "final_error": 0.344124972820282,
      "min_error": 0.344124972820282,
      "max_error": 0.7649250030517578,
      "best_step": 500
    },
    "validation": {
      "final_error": 0.31360000371932983,
      "min_error": 0.3043000102043152,
      "max_error": 0.6432000398635864,
      "best_step": 477
    }
  },
  "classification_report": {
    "airplane": {
      "precision": 0.6877869605142333,
      "recall": 0.749,
      "f1-score": 0.717089516515079,
      "support": 1000.0
    },
    "automobile": {
      "precision": 0.7533998186763372,
      "recall": 0.831,
      "f1-score": 0.7902995720399429,
      "support": 1000.0
    },
    "bird": {
      "precision": 0.6358381502890174,
      "recall": 0.55,
      "f1-score": 0.5898123324396782,
      "support": 1000.0
    },
    "cat": {
      "precision": 0.5800561797752809,
      "recall": 0.413,
      "f1-score": 0.4824766355140187,
      "support": 1000.0
    },
    "deer": {
      "precision": 0.6341929321872015,
      "recall": 0.664,
      "f1-score": 0.6487542745481192,
      "support": 1000.0
    },
    "dog": {
      "precision": 0.6069651741293532,
      "recall": 0.61,
      "f1-score": 0.6084788029925187,
      "support": 1000.0
    },
    "frog": {
      "precision": 0.6881998277347114,
      "recall": 0.799,
      "f1-score": 0.7394724664507173,
      "support": 1000.0
    },
    "horse": {
      "precision": 0.7152641878669276,
      "recall": 0.731,
      "f1-score": 0.7230464886251237,
      "support": 1000.0
    },
    "ship": {
      "precision": 0.8482834994462901,
      "recall": 0.766,
      "f1-score": 0.8050446663163426,
      "support": 1000.0
    },
    "truck": {
      "precision": 0.7456541628545288,
      "recall": 0.815,
      "f1-score": 0.7787864309603441,
      "support": 1000.0
    },
    "accuracy": 0.6928,
    "macro avg": {
      "precision": 0.6895640893473882,
      "recall": 0.6928000000000001,
      "f1-score": 0.6883261186401884,
      "support": 10000.0
    },
    "weighted avg": {
      "precision": 0.6895640893473881,
      "recall": 0.6928,
      "f1-score": 0.6883261186401884,
      "support": 10000.0
    }
  },
  "figure": "/home/fer/Documents/CSI5155/project/.cache/figures/scaledcnn_k1_error_curve.pdf"
}

# scaledcnn_k2_test_confusion_matrix.json

{
  "model": "scaledcnn_k2",
  "split": "test",
  "class_names": [
    "airplane",
    "automobile",
    "bird",
    "cat",
    "deer",
    "dog",
    "frog",
    "horse",
    "ship",
    "truck"
  ],
  "matrix": [
    [
      714,
      15,
      47,
      27,
      4,
      5,
      8,
      31,
      93,
      56
    ],
    [
      45,
      662,
      10,
      15,
      2,
      5,
      6,
      24,
      62,
      169
    ],
    [
      76,
      7,
      550,
      81,
      68,
      43,
      66,
      68,
      16,
      25
    ],
    [
      21,
      11,
      52,
      565,
      31,
      136,
      56,
      53,
      32,
      43
    ],
    [
      17,
      0,
      72,
      89,
      557,
      35,
      58,
      133,
      19,
      20
    ],
    [
      10,
      7,
      37,
      196,
      33,
      571,
      21,
      75,
      24,
      26
    ],
    [
      7,
      4,
      54,
      85,
      34,
      19,
      729,
      24,
      20,
      24
    ],
    [
      17,
      5,
      30,
      38,
      28,
      43,
      7,
      782,
      17,
      33
    ],
    [
      82,
      17,
      9,
      17,
      5,
      6,
      3,
      22,
      799,
      40
    ],
    [
      24,
      28,
      8,
      19,
      3,
      2,
      5,
      21,
      32,
      858
    ]
  ],
  "normalized_matrix": [
    [
      0.714,
      0.015,
      0.047,
      0.027,
      0.004,
      0.005,
      0.008,
      0.031,
      0.093,
      0.056
    ],
    [
      0.045,
      0.662,
      0.01,
      0.015,
      0.002,
      0.005,
      0.006,
      0.024,
      0.062,
      0.169
    ],
    [
      0.076,
      0.007,
      0.55,
      0.081,
      0.068,
      0.043,
      0.066,
      0.068,
      0.016,
      0.025
    ],
    [
      0.021,
      0.011,
      0.052,
      0.565,
      0.031,
      0.136,
      0.056,
      0.053,
      0.032,
      0.043
    ],
    [
      0.017,
      0.0,
      0.072,
      0.089,
      0.557,
      0.035,
      0.058,
      0.133,
      0.019,
      0.02
    ],
    [
      0.01,
      0.007,
      0.037,
      0.196,
      0.033,
      0.571,
      0.021,
      0.075,
      0.024,
      0.026
    ],
    [
      0.007,
      0.004,
      0.054,
      0.085,
      0.034,
      0.019,
      0.729,
      0.024,
      0.02,
      0.024
    ],
    [
      0.017,
      0.005,
      0.03,
      0.038,
      0.028,
      0.043,
      0.007,
      0.782,
      0.017,
      0.033
    ],
    [
      0.082,
      0.017,
      0.009,
      0.017,
      0.005,
      0.006,
      0.003,
      0.022,
      0.799,
      0.04
    ],
    [
      0.024,
      0.028,
      0.008,
      0.019,
      0.003,
      0.002,
      0.005,
      0.021,
      0.032,
      0.858
    ]
  ]
}

# scaledcnn_k2_test_training_report.json

{
  "model_path": ".cache/models/scaledcnn_k2.pth",
  "logdir": "/home/fer/Documents/CSI5155/project/.cache/tensorboard/training/scaledcnn_k2/run_20251116_074917",
  "split": "test",
  "config": {
    "k": 2,
    "num_classes": 10
  },
  "training_error": {
    "train": {
      "final_error": 0.17330002784729004,
      "min_error": 0.1732500195503235,
      "max_error": 0.7013499736785889,
      "best_step": 499
    },
    "validation": {
      "final_error": 0.3862000107765198,
      "min_error": 0.3158000111579895,
      "max_error": 0.5648000240325928,
      "best_step": 147
    }
  },
  "classification_report": {
    "airplane": {
      "precision": 0.7048371174728529,
      "recall": 0.714,
      "f1-score": 0.7093889716840537,
      "support": 1000.0
    },
    "automobile": {
      "precision": 0.8756613756613757,
      "recall": 0.662,
      "f1-score": 0.7539863325740319,
      "support": 1000.0
    },
    "bird": {
      "precision": 0.6329113924050633,
      "recall": 0.55,
      "f1-score": 0.588550026752274,
      "support": 1000.0
    },
    "cat": {
      "precision": 0.4991166077738516,
      "recall": 0.565,
      "f1-score": 0.5300187617260788,
      "support": 1000.0
    },
    "deer": {
      "precision": 0.7281045751633987,
      "recall": 0.557,
      "f1-score": 0.6311614730878187,
      "support": 1000.0
    },
    "dog": {
      "precision": 0.6601156069364161,
      "recall": 0.571,
      "f1-score": 0.6123324396782842,
      "support": 1000.0
    },
    "frog": {
      "precision": 0.7601668404588112,
      "recall": 0.729,
      "f1-score": 0.7442572741194488,
      "support": 1000.0
    },
    "horse": {
      "precision": 0.6342254663422546,
      "recall": 0.782,
      "f1-score": 0.7004030452306315,
      "support": 1000.0
    },
    "ship": {
      "precision": 0.7172351885098743,
      "recall": 0.799,
      "f1-score": 0.7559129612109745,
      "support": 1000.0
    },
    "truck": {
      "precision": 0.6630602782071098,
      "recall": 0.858,
      "f1-score": 0.7480383609415867,
      "support": 1000.0
    },
    "accuracy": 0.6787,
    "macro avg": {
      "precision": 0.6875434448931008,
      "recall": 0.6787,
      "f1-score": 0.6774049647005183,
      "support": 10000.0
    },
    "weighted avg": {
      "precision": 0.6875434448931009,
      "recall": 0.6787,
      "f1-score": 0.6774049647005183,
      "support": 10000.0
    }
  },
  "figure": "/home/fer/Documents/CSI5155/project/.cache/figures/scaledcnn_k2_error_curve.pdf"
}

# scaledcnn_k32_test_confusion_matrix.json

{
  "model": "scaledcnn_k32",
  "split": "test",
  "class_names": [
    "airplane",
    "automobile",
    "bird",
    "cat",
    "deer",
    "dog",
    "frog",
    "horse",
    "ship",
    "truck"
  ],
  "matrix": [
    [
      766,
      22,
      46,
      21,
      10,
      14,
      15,
      13,
      60,
      33
    ],
    [
      28,
      824,
      10,
      8,
      4,
      7,
      14,
      15,
      30,
      60
    ],
    [
      44,
      13,
      702,
      42,
      45,
      46,
      55,
      29,
      14,
      10
    ],
    [
      27,
      15,
      69,
      561,
      43,
      132,
      58,
      43,
      24,
      28
    ],
    [
      26,
      12,
      79,
      38,
      665,
      40,
      53,
      53,
      21,
      13
    ],
    [
      19,
      8,
      58,
      116,
      21,
      687,
      29,
      38,
      14,
      10
    ],
    [
      12,
      11,
      56,
      45,
      14,
      21,
      804,
      16,
      12,
      9
    ],
    [
      23,
      14,
      40,
      28,
      33,
      42,
      19,
      770,
      12,
      19
    ],
    [
      54,
      20,
      19,
      8,
      4,
      7,
      10,
      10,
      837,
      31
    ],
    [
      29,
      50,
      20,
      10,
      10,
      9,
      18,
      18,
      23,
      813
    ]
  ],
  "normalized_matrix": [
    [
      0.766,
      0.022,
      0.046,
      0.021,
      0.01,
      0.014,
      0.015,
      0.013,
      0.06,
      0.033
    ],
    [
      0.028,
      0.824,
      0.01,
      0.008,
      0.004,
      0.007,
      0.014,
      0.015,
      0.03,
      0.06
    ],
    [
      0.044,
      0.013,
      0.702,
      0.042,
      0.045,
      0.046,
      0.055,
      0.029,
      0.014,
      0.01
    ],
    [
      0.027,
      0.015,
      0.069,
      0.561,
      0.043,
      0.132,
      0.058,
      0.043,
      0.024,
      0.028
    ],
    [
      0.026,
      0.012,
      0.079,
      0.038,
      0.665,
      0.04,
      0.053,
      0.053,
      0.021,
      0.013
    ],
    [
      0.019,
      0.008,
      0.058,
      0.116,
      0.021,
      0.687,
      0.029,
      0.038,
      0.014,
      0.01
    ],
    [
      0.012,
      0.011,
      0.056,
      0.045,
      0.014,
      0.021,
      0.804,
      0.016,
      0.012,
      0.009
    ],
    [
      0.023,
      0.014,
      0.04,
      0.028,
      0.033,
      0.042,
      0.019,
      0.77,
      0.012,
      0.019
    ],
    [
      0.054,
      0.02,
      0.019,
      0.008,
      0.004,
      0.007,
      0.01,
      0.01,
      0.837,
      0.031
    ],
    [
      0.029,
      0.05,
      0.02,
      0.01,
      0.01,
      0.009,
      0.018,
      0.018,
      0.023,
      0.813
    ]
  ]
}

# scaledcnn_k32_test_training_report.json

{
  "model_path": ".cache/models/scaledcnn_k32.pth",
  "logdir": "/home/fer/Documents/CSI5155/project/.cache/tensorboard/training/scaledcnn_k32/run_20251116_095440",
  "split": "test",
  "config": {
    "k": 32,
    "num_classes": 10
  },
  "training_error": {
    "train": {
      "final_error": 0.0,
      "min_error": 0.0,
      "max_error": 0.60527503490448,
      "best_step": 104
    },
    "validation": {
      "final_error": 0.2549999952316284,
      "min_error": 0.24860000610351562,
      "max_error": 0.8794000148773193,
      "best_step": 174
    }
  },
  "classification_report": {
    "airplane": {
      "precision": 0.745136186770428,
      "recall": 0.766,
      "f1-score": 0.7554240631163708,
      "support": 1000.0
    },
    "automobile": {
      "precision": 0.833164812942366,
      "recall": 0.824,
      "f1-score": 0.8285570638511816,
      "support": 1000.0
    },
    "bird": {
      "precision": 0.6387625113739763,
      "recall": 0.702,
      "f1-score": 0.6688899475940924,
      "support": 1000.0
    },
    "cat": {
      "precision": 0.6396807297605474,
      "recall": 0.561,
      "f1-score": 0.5977623867874268,
      "support": 1000.0
    },
    "deer": {
      "precision": 0.7832744405182568,
      "recall": 0.665,
      "f1-score": 0.7193077339102217,
      "support": 1000.0
    },
    "dog": {
      "precision": 0.6835820895522388,
      "recall": 0.687,
      "f1-score": 0.685286783042394,
      "support": 1000.0
    },
    "frog": {
      "precision": 0.747906976744186,
      "recall": 0.804,
      "f1-score": 0.7749397590361445,
      "support": 1000.0
    },
    "horse": {
      "precision": 0.7661691542288557,
      "recall": 0.77,
      "f1-score": 0.7680798004987531,
      "support": 1000.0
    },
    "ship": {
      "precision": 0.7994269340974212,
      "recall": 0.837,
      "f1-score": 0.8177821201758672,
      "support": 1000.0
    },
    "truck": {
      "precision": 0.7923976608187134,
      "recall": 0.813,
      "f1-score": 0.8025666337611056,
      "support": 1000.0
    },
    "accuracy": 0.7429,
    "macro avg": {
      "precision": 0.7429501496806991,
      "recall": 0.7428999999999999,
      "f1-score": 0.7418596291773556,
      "support": 10000.0
    },
    "weighted avg": {
      "precision": 0.742950149680699,
      "recall": 0.7429,
      "f1-score": 0.7418596291773558,
      "support": 10000.0
    }
  },
  "figure": "/home/fer/Documents/CSI5155/project/.cache/figures/scaledcnn_k32_error_curve.pdf"
}

# scaledcnn_k4_test_confusion_matrix.json

{
  "model": "scaledcnn_k4",
  "split": "test",
  "class_names": [
    "airplane",
    "automobile",
    "bird",
    "cat",
    "deer",
    "dog",
    "frog",
    "horse",
    "ship",
    "truck"
  ],
  "matrix": [
    [
      858,
      19,
      9,
      7,
      11,
      4,
      4,
      5,
      69,
      14
    ],
    [
      56,
      785,
      1,
      0,
      7,
      2,
      1,
      3,
      50,
      95
    ],
    [
      185,
      19,
      451,
      41,
      119,
      49,
      66,
      25,
      25,
      20
    ],
    [
      75,
      12,
      38,
      439,
      117,
      126,
      62,
      21,
      68,
      42
    ],
    [
      53,
      4,
      36,
      27,
      763,
      20,
      28,
      31,
      29,
      9
    ],
    [
      41,
      13,
      29,
      151,
      80,
      555,
      28,
      47,
      36,
      20
    ],
    [
      27,
      15,
      34,
      37,
      99,
      13,
      701,
      6,
      40,
      28
    ],
    [
      93,
      6,
      10,
      22,
      148,
      58,
      8,
      596,
      27,
      32
    ],
    [
      114,
      21,
      1,
      3,
      4,
      2,
      5,
      1,
      835,
      14
    ],
    [
      63,
      59,
      1,
      1,
      9,
      2,
      5,
      1,
      58,
      801
    ]
  ],
  "normalized_matrix": [
    [
      0.858,
      0.019,
      0.009,
      0.007,
      0.011,
      0.004,
      0.004,
      0.005,
      0.069,
      0.014
    ],
    [
      0.056,
      0.785,
      0.001,
      0.0,
      0.007,
      0.002,
      0.001,
      0.003,
      0.05,
      0.095
    ],
    [
      0.185,
      0.019,
      0.451,
      0.041,
      0.119,
      0.049,
      0.066,
      0.025,
      0.025,
      0.02
    ],
    [
      0.075,
      0.012,
      0.038,
      0.439,
      0.117,
      0.126,
      0.062,
      0.021,
      0.068,
      0.042
    ],
    [
      0.053,
      0.004,
      0.036,
      0.027,
      0.763,
      0.02,
      0.028,
      0.031,
      0.029,
      0.009
    ],
    [
      0.041,
      0.013,
      0.029,
      0.151,
      0.08,
      0.555,
      0.028,
      0.047,
      0.036,
      0.02
    ],
    [
      0.027,
      0.015,
      0.034,
      0.037,
      0.099,
      0.013,
      0.701,
      0.006,
      0.04,
      0.028
    ],
    [
      0.093,
      0.006,
      0.01,
      0.022,
      0.148,
      0.058,
      0.008,
      0.596,
      0.027,
      0.032
    ],
    [
      0.114,
      0.021,
      0.001,
      0.003,
      0.004,
      0.002,
      0.005,
      0.001,
      0.835,
      0.014
    ],
    [
      0.063,
      0.059,
      0.001,
      0.001,
      0.009,
      0.002,
      0.005,
      0.001,
      0.058,
      0.801
    ]
  ]
}

# scaledcnn_k4_test_training_report.json

{
  "model_path": ".cache/models/scaledcnn_k4.pth",
  "logdir": "/home/fer/Documents/CSI5155/project/.cache/tensorboard/training/scaledcnn_k4/run_20251116_075720",
  "split": "test",
  "config": {
    "k": 4,
    "num_classes": 10
  },
  "training_error": {
    "train": {
      "final_error": 0.0009499788284301758,
      "min_error": 0.0009499788284301758,
      "max_error": 0.65767502784729,
      "best_step": 500
    },
    "validation": {
      "final_error": 0.4983000159263611,
      "min_error": 0.31770002841949463,
      "max_error": 0.7042999863624573,
      "best_step": 43
    }
  },
  "classification_report": {
    "airplane": {
      "precision": 0.5482428115015975,
      "recall": 0.858,
      "f1-score": 0.6690058479532164,
      "support": 1000.0
    },
    "automobile": {
      "precision": 0.8237145855194123,
      "recall": 0.785,
      "f1-score": 0.8038914490527393,
      "support": 1000.0
    },
    "bird": {
      "precision": 0.739344262295082,
      "recall": 0.451,
      "f1-score": 0.5602484472049689,
      "support": 1000.0
    },
    "cat": {
      "precision": 0.603021978021978,
      "recall": 0.439,
      "f1-score": 0.5081018518518519,
      "support": 1000.0
    },
    "deer": {
      "precision": 0.5622697126013264,
      "recall": 0.763,
      "f1-score": 0.6474331777683496,
      "support": 1000.0
    },
    "dog": {
      "precision": 0.6678700361010831,
      "recall": 0.555,
      "f1-score": 0.6062261059530312,
      "support": 1000.0
    },
    "frog": {
      "precision": 0.7720264317180616,
      "recall": 0.701,
      "f1-score": 0.7348008385744235,
      "support": 1000.0
    },
    "horse": {
      "precision": 0.8097826086956522,
      "recall": 0.596,
      "f1-score": 0.6866359447004609,
      "support": 1000.0
    },
    "ship": {
      "precision": 0.6750202101859337,
      "recall": 0.835,
      "f1-score": 0.7465355386678587,
      "support": 1000.0
    },
    "truck": {
      "precision": 0.7451162790697674,
      "recall": 0.801,
      "f1-score": 0.7720481927710844,
      "support": 1000.0
    },
    "accuracy": 0.6784,
    "macro avg": {
      "precision": 0.6946408915709894,
      "recall": 0.6784,
      "f1-score": 0.6734927394497985,
      "support": 10000.0
    },
    "weighted avg": {
      "precision": 0.6946408915709895,
      "recall": 0.6784,
      "f1-score": 0.6734927394497985,
      "support": 10000.0
    }
  },
  "figure": "/home/fer/Documents/CSI5155/project/.cache/figures/scaledcnn_k4_error_curve.pdf"
}

# scaledcnn_k64_test_confusion_matrix.json

{
  "model": "scaledcnn_k64",
  "split": "test",
  "class_names": [
    "airplane",
    "automobile",
    "bird",
    "cat",
    "deer",
    "dog",
    "frog",
    "horse",
    "ship",
    "truck"
  ],
  "matrix": [
    [
      801,
      22,
      27,
      26,
      13,
      9,
      18,
      11,
      57,
      16
    ],
    [
      28,
      859,
      9,
      11,
      8,
      11,
      7,
      3,
      26,
      38
    ],
    [
      62,
      9,
      682,
      62,
      48,
      38,
      59,
      18,
      14,
      8
    ],
    [
      30,
      14,
      44,
      645,
      43,
      106,
      57,
      19,
      19,
      23
    ],
    [
      18,
      4,
      50,
      49,
      748,
      28,
      41,
      39,
      14,
      9
    ],
    [
      21,
      6,
      45,
      144,
      29,
      684,
      32,
      20,
      12,
      7
    ],
    [
      10,
      8,
      46,
      54,
      23,
      15,
      825,
      9,
      5,
      5
    ],
    [
      22,
      7,
      35,
      49,
      39,
      47,
      18,
      757,
      7,
      19
    ],
    [
      52,
      28,
      16,
      16,
      3,
      10,
      9,
      6,
      834,
      26
    ],
    [
      32,
      51,
      10,
      20,
      12,
      10,
      16,
      10,
      19,
      820
    ]
  ],
  "normalized_matrix": [
    [
      0.801,
      0.022,
      0.027,
      0.026,
      0.013,
      0.009,
      0.018,
      0.011,
      0.057,
      0.016
    ],
    [
      0.028,
      0.859,
      0.009,
      0.011,
      0.008,
      0.011,
      0.007,
      0.003,
      0.026,
      0.038
    ],
    [
      0.062,
      0.009,
      0.682,
      0.062,
      0.048,
      0.038,
      0.059,
      0.018,
      0.014,
      0.008
    ],
    [
      0.03,
      0.014,
      0.044,
      0.645,
      0.043,
      0.106,
      0.057,
      0.019,
      0.019,
      0.023
    ],
    [
      0.018,
      0.004,
      0.05,
      0.049,
      0.748,
      0.028,
      0.041,
      0.039,
      0.014,
      0.009
    ],
    [
      0.021,
      0.006,
      0.045,
      0.144,
      0.029,
      0.684,
      0.032,
      0.02,
      0.012,
      0.007
    ],
    [
      0.01,
      0.008,
      0.046,
      0.054,
      0.023,
      0.015,
      0.825,
      0.009,
      0.005,
      0.005
    ],
    [
      0.022,
      0.007,
      0.035,
      0.049,
      0.039,
      0.047,
      0.018,
      0.757,
      0.007,
      0.019
    ],
    [
      0.052,
      0.028,
      0.016,
      0.016,
      0.003,
      0.01,
      0.009,
      0.006,
      0.834,
      0.026
    ],
    [
      0.032,
      0.051,
      0.01,
      0.02,
      0.012,
      0.01,
      0.016,
      0.01,
      0.019,
      0.82
    ]
  ]
}

# scaledcnn_k64_test_training_report.json

{
  "model_path": ".cache/models/scaledcnn_k64.pth",
  "logdir": "/home/fer/Documents/CSI5155/project/.cache/tensorboard/training/scaledcnn_k64/run_20251116_131524",
  "split": "test",
  "config": {
    "k": 64,
    "num_classes": 10
  },
  "training_error": {
    "train": {
      "final_error": 0.0,
      "min_error": 0.0,
      "max_error": 0.618975043296814,
      "best_step": 84
    },
    "validation": {
      "final_error": 0.2578999996185303,
      "min_error": 0.2305999994277954,
      "max_error": 0.8726999759674072,
      "best_step": 430
    }
  },
  "classification_report": {
    "airplane": {
      "precision": 0.7444237918215614,
      "recall": 0.801,
      "f1-score": 0.7716763005780347,
      "support": 1000.0
    },
    "automobile": {
      "precision": 0.8521825396825397,
      "recall": 0.859,
      "f1-score": 0.8555776892430279,
      "support": 1000.0
    },
    "bird": {
      "precision": 0.7074688796680498,
      "recall": 0.682,
      "f1-score": 0.6945010183299389,
      "support": 1000.0
    },
    "cat": {
      "precision": 0.5994423791821561,
      "recall": 0.645,
      "f1-score": 0.6213872832369942,
      "support": 1000.0
    },
    "deer": {
      "precision": 0.7743271221532091,
      "recall": 0.748,
      "f1-score": 0.7609359104781281,
      "support": 1000.0
    },
    "dog": {
      "precision": 0.7139874739039666,
      "recall": 0.684,
      "f1-score": 0.6986721144024515,
      "support": 1000.0
    },
    "frog": {
      "precision": 0.7624768946395564,
      "recall": 0.825,
      "f1-score": 0.792507204610951,
      "support": 1000.0
    },
    "horse": {
      "precision": 0.8486547085201793,
      "recall": 0.757,
      "f1-score": 0.8002114164904862,
      "support": 1000.0
    },
    "ship": {
      "precision": 0.8282025819265144,
      "recall": 0.834,
      "f1-score": 0.8310911808669657,
      "support": 1000.0
    },
    "truck": {
      "precision": 0.8444902162718847,
      "recall": 0.82,
      "f1-score": 0.8320649416539827,
      "support": 1000.0
    },
    "accuracy": 0.7655,
    "macro avg": {
      "precision": 0.7675656587769617,
      "recall": 0.7655,
      "f1-score": 0.765862505989096,
      "support": 10000.0
    },
    "weighted avg": {
      "precision": 0.7675656587769617,
      "recall": 0.7655,
      "f1-score": 0.7658625059890961,
      "support": 10000.0
    }
  },
  "figure": "/home/fer/Documents/CSI5155/project/.cache/figures/scaledcnn_k64_error_curve.pdf"
}

# scaledcnn_k8_test_confusion_matrix.json

{
  "model": "scaledcnn_k8",
  "split": "test",
  "class_names": [
    "airplane",
    "automobile",
    "bird",
    "cat",
    "deer",
    "dog",
    "frog",
    "horse",
    "ship",
    "truck"
  ],
  "matrix": [
    [
      760,
      53,
      40,
      0,
      36,
      4,
      8,
      36,
      42,
      21
    ],
    [
      23,
      912,
      3,
      0,
      8,
      2,
      2,
      8,
      4,
      38
    ],
    [
      82,
      9,
      625,
      1,
      105,
      52,
      39,
      72,
      4,
      11
    ],
    [
      32,
      34,
      111,
      106,
      165,
      290,
      91,
      124,
      10,
      37
    ],
    [
      6,
      13,
      81,
      2,
      742,
      26,
      24,
      102,
      4,
      0
    ],
    [
      18,
      13,
      37,
      14,
      72,
      690,
      14,
      128,
      7,
      7
    ],
    [
      16,
      15,
      91,
      4,
      98,
      35,
      699,
      36,
      1,
      5
    ],
    [
      13,
      6,
      34,
      2,
      60,
      41,
      3,
      835,
      1,
      5
    ],
    [
      98,
      83,
      12,
      1,
      36,
      7,
      9,
      23,
      704,
      27
    ],
    [
      32,
      129,
      9,
      0,
      15,
      2,
      2,
      31,
      10,
      770
    ]
  ],
  "normalized_matrix": [
    [
      0.76,
      0.053,
      0.04,
      0.0,
      0.036,
      0.004,
      0.008,
      0.036,
      0.042,
      0.021
    ],
    [
      0.023,
      0.912,
      0.003,
      0.0,
      0.008,
      0.002,
      0.002,
      0.008,
      0.004,
      0.038
    ],
    [
      0.082,
      0.009,
      0.625,
      0.001,
      0.105,
      0.052,
      0.039,
      0.072,
      0.004,
      0.011
    ],
    [
      0.032,
      0.034,
      0.111,
      0.106,
      0.165,
      0.29,
      0.091,
      0.124,
      0.01,
      0.037
    ],
    [
      0.006,
      0.013,
      0.081,
      0.002,
      0.742,
      0.026,
      0.024,
      0.102,
      0.004,
      0.0
    ],
    [
      0.018,
      0.013,
      0.037,
      0.014,
      0.072,
      0.69,
      0.014,
      0.128,
      0.007,
      0.007
    ],
    [
      0.016,
      0.015,
      0.091,
      0.004,
      0.098,
      0.035,
      0.699,
      0.036,
      0.001,
      0.005
    ],
    [
      0.013,
      0.006,
      0.034,
      0.002,
      0.06,
      0.041,
      0.003,
      0.835,
      0.001,
      0.005
    ],
    [
      0.098,
      0.083,
      0.012,
      0.001,
      0.036,
      0.007,
      0.009,
      0.023,
      0.704,
      0.027
    ],
    [
      0.032,
      0.129,
      0.009,
      0.0,
      0.015,
      0.002,
      0.002,
      0.031,
      0.01,
      0.77
    ]
  ]
}

# scaledcnn_k8_test_training_report.json

{
  "model_path": ".cache/models/scaledcnn_k8.pth",
  "logdir": "/home/fer/Documents/CSI5155/project/.cache/tensorboard/training/scaledcnn_k8/run_20251116_081002",
  "split": "test",
  "config": {
    "k": 8,
    "num_classes": 10
  },
  "training_error": {
    "train": {
      "final_error": 0.0,
      "min_error": 0.0,
      "max_error": 0.6309249997138977,
      "best_step": 268
    },
    "validation": {
      "final_error": 0.3497999906539917,
      "min_error": 0.31529998779296875,
      "max_error": 0.8048000335693359,
      "best_step": 21
    }
  },
  "classification_report": {
    "airplane": {
      "precision": 0.7037037037037037,
      "recall": 0.76,
      "f1-score": 0.7307692307692307,
      "support": 1000.0
    },
    "automobile": {
      "precision": 0.7198105761641673,
      "recall": 0.912,
      "f1-score": 0.8045875606528452,
      "support": 1000.0
    },
    "bird": {
      "precision": 0.5992329817833174,
      "recall": 0.625,
      "f1-score": 0.6118453255017132,
      "support": 1000.0
    },
    "cat": {
      "precision": 0.8153846153846154,
      "recall": 0.106,
      "f1-score": 0.18761061946902655,
      "support": 1000.0
    },
    "deer": {
      "precision": 0.5549738219895288,
      "recall": 0.742,
      "f1-score": 0.6350021394950791,
      "support": 1000.0
    },
    "dog": {
      "precision": 0.6005221932114883,
      "recall": 0.69,
      "f1-score": 0.6421591437878083,
      "support": 1000.0
    },
    "frog": {
      "precision": 0.7845117845117845,
      "recall": 0.699,
      "f1-score": 0.7392913802221047,
      "support": 1000.0
    },
    "horse": {
      "precision": 0.5985663082437276,
      "recall": 0.835,
      "f1-score": 0.697286012526096,
      "support": 1000.0
    },
    "ship": {
      "precision": 0.8945362134688691,
      "recall": 0.704,
      "f1-score": 0.7879127028539452,
      "support": 1000.0
    },
    "truck": {
      "precision": 0.8360477741585234,
      "recall": 0.77,
      "f1-score": 0.8016657990629881,
      "support": 1000.0
    },
    "accuracy": 0.6843,
